<!-- Generated by pkgdown: do not edit by hand -->
<!DOCTYPE html>
<html lang="en">
  <head>
  <meta charset="utf-8">
<meta http-equiv="X-UA-Compatible" content="IE=edge">
<meta name="viewport" content="width=device-width, initial-scale=1.0">

<title>All distances between each pair of trees — CompareAllTrees • TreeDistData</title>


<!-- jquery -->
<script src="https://cdnjs.cloudflare.com/ajax/libs/jquery/3.3.1/jquery.min.js" integrity="sha256-FgpCb/KJQlLNfOu91ta32o/NMZxltwRo8QtmkMRdAu8=" crossorigin="anonymous"></script>
<!-- Bootstrap -->

<link rel="stylesheet" href="https://cdnjs.cloudflare.com/ajax/libs/twitter-bootstrap/3.3.7/css/bootstrap.min.css" integrity="sha256-916EbMg70RQy9LHiGkXzG8hSg9EdNy97GazNG/aiY1w=" crossorigin="anonymous" />

<script src="https://cdnjs.cloudflare.com/ajax/libs/twitter-bootstrap/3.3.7/js/bootstrap.min.js" integrity="sha256-U5ZEeKfGNOja007MMD3YBI0A3OSZOQbeG6z2f2Y0hu8=" crossorigin="anonymous"></script>

<!-- Font Awesome icons -->
<link rel="stylesheet" href="https://cdnjs.cloudflare.com/ajax/libs/font-awesome/5.7.1/css/all.min.css" integrity="sha256-nAmazAk6vS34Xqo0BSrTb+abbtFlgsFK7NKSi6o7Y78=" crossorigin="anonymous" />
<link rel="stylesheet" href="https://cdnjs.cloudflare.com/ajax/libs/font-awesome/5.7.1/css/v4-shims.min.css" integrity="sha256-6qHlizsOWFskGlwVOKuns+D1nB6ssZrHQrNj1wGplHc=" crossorigin="anonymous" />

<!-- clipboard.js -->
<script src="https://cdnjs.cloudflare.com/ajax/libs/clipboard.js/2.0.4/clipboard.min.js" integrity="sha256-FiZwavyI2V6+EXO1U+xzLG3IKldpiTFf3153ea9zikQ=" crossorigin="anonymous"></script>

<!-- headroom.js -->
<script src="https://cdnjs.cloudflare.com/ajax/libs/headroom/0.9.4/headroom.min.js" integrity="sha256-DJFC1kqIhelURkuza0AvYal5RxMtpzLjFhsnVIeuk+U=" crossorigin="anonymous"></script>
<script src="https://cdnjs.cloudflare.com/ajax/libs/headroom/0.9.4/jQuery.headroom.min.js" integrity="sha256-ZX/yNShbjqsohH1k95liqY9Gd8uOiE1S4vZc+9KQ1K4=" crossorigin="anonymous"></script>

<!-- pkgdown -->
<link href="../pkgdown.css" rel="stylesheet">
<script src="../pkgdown.js"></script>




<meta property="og:title" content="All distances between each pair of trees — CompareAllTrees" />
<meta property="og:description" content="All distances between each pair of trees" />
<meta name="twitter:card" content="summary" />




<!-- mathjax -->
<script src="https://cdnjs.cloudflare.com/ajax/libs/mathjax/2.7.5/MathJax.js" integrity="sha256-nvJJv9wWKEm88qvoQl9ekL2J+k/RWIsaSScxxlsrv8k=" crossorigin="anonymous"></script>
<script src="https://cdnjs.cloudflare.com/ajax/libs/mathjax/2.7.5/config/TeX-AMS-MML_HTMLorMML.js" integrity="sha256-84DKXVJXs0/F8OTMzX4UR909+jtl4G7SPypPavF+GfA=" crossorigin="anonymous"></script>

<!--[if lt IE 9]>
<script src="https://oss.maxcdn.com/html5shiv/3.7.3/html5shiv.min.js"></script>
<script src="https://oss.maxcdn.com/respond/1.4.2/respond.min.js"></script>
<![endif]-->



  </head>

  <body>
    <div class="container template-reference-topic">
      <header>
      <div class="navbar navbar-default navbar-fixed-top" role="navigation">
  <div class="container">
    <div class="navbar-header">
      <button type="button" class="navbar-toggle collapsed" data-toggle="collapse" data-target="#navbar" aria-expanded="false">
        <span class="sr-only">Toggle navigation</span>
        <span class="icon-bar"></span>
        <span class="icon-bar"></span>
        <span class="icon-bar"></span>
      </button>
      <span class="navbar-brand">
        <a class="navbar-link" href="../index.html">TreeDistData</a>
        <span class="version label label-danger" data-toggle="tooltip" data-placement="bottom" title="Unreleased version">0.0.0.9008</span>
      </span>
    </div>

    <div id="navbar" class="navbar-collapse collapse">
      <ul class="nav navbar-nav">
        <li>
  <a href="../index.html">
    <span class="fas fa fas fa-home fa-lg"></span>
     
  </a>
</li>
<li>
  <a href="../reference/index.html">Reference</a>
</li>
<li class="dropdown">
  <a href="#" class="dropdown-toggle" data-toggle="dropdown" role="button" aria-expanded="false">
    Articles
     
    <span class="caret"></span>
  </a>
  <ul class="dropdown-menu" role="menu">
    <li>
      <a href="../articles/Lin.html">Lin _et al_. tests</a>
    </li>
    <li>
      <a href="../articles/bullseye-morph.html">Bullseye tests - morphological</a>
    </li>
    <li>
      <a href="../articles/correlation.html">Metric correlation</a>
    </li>
    <li>
      <a href="../articles/heterogeneity.html">Heterogeneity</a>
    </li>
    <li>
      <a href="../articles/length-of-move.html">Length of move</a>
    </li>
    <li>
      <a href="../articles/number-moves-made.html">Number of moves made</a>
    </li>
    <li>
      <a href="../articles/number-tips-moved.html">Number of tips moved</a>
    </li>
    <li>
      <a href="../articles/saturation-and-sensitivity.html">Saturation and sensitivity</a>
    </li>
    <li>
      <a href="../articles/spr-walking.html">SPR walking</a>
    </li>
    <li>
      <a href="../articles/tree-shape.html">Accounting for tree shape</a>
    </li>
  </ul>
</li>
<li>
  <a href="../news/index.html">Changelog</a>
</li>
      </ul>
      <ul class="nav navbar-nav navbar-right">
        <li>
  <a href="https://github.com/ms609/TreeDistData">
    <span class="fab fa fab fa-github fa-lg"></span>
     
  </a>
</li>
      </ul>
      
    </div><!--/.nav-collapse -->
  </div><!--/.container -->
</div><!--/.navbar -->

      

      </header>

<div class="row">
  <div class="col-md-9 contents">
    <div class="page-header">
    <h1>All distances between each pair of trees</h1>
    <small class="dont-index">Source: <a href='https://github.com/ms609/TreeDistData/blob/master/R/utilities.R'><code>R/utilities.R</code></a></small>
    <div class="hidden name"><code>CompareAllTrees.Rd</code></div>
    </div>

    <div class="ref-description">
    <p>All distances between each pair of trees</p>
    </div>

    <pre class="usage"><span class='fu'>CompareAllTrees</span>(<span class='no'>trees</span>, <span class='kw'>exact</span> <span class='kw'>=</span> <span class='fl'>FALSE</span>, <span class='kw'>slow</span> <span class='kw'>=</span> <span class='fl'>TRUE</span>, <span class='kw'>verbose</span> <span class='kw'>=</span> <span class='fl'>FALSE</span>)</pre>

    <h2 class="hasAnchor" id="arguments"><a class="anchor" href="#arguments"></a>Arguments</h2>
    <table class="ref-arguments">
    <colgroup><col class="name" /><col class="desc" /></colgroup>
    <tr>
      <th>trees</th>
      <td><p>List of bifurcating trees of class <code>phylo</code>.</p></td>
    </tr>
    <tr>
      <th>exact</th>
      <td><p>Logical specifying whether to calculate exact rearrangement
distances.</p></td>
    </tr>
    <tr>
      <th>slow</th>
      <td><p>Logical specifying whether to report distance measures that are
slow to calculate (quartet distance and maximum agreement subtree).</p></td>
    </tr>
    <tr>
      <th>verbose</th>
      <td><p>Logical specifying whether to report which calculation
is presently being performed.</p></td>
    </tr>
    </table>

    <h2 class="hasAnchor" id="see-also"><a class="anchor" href="#see-also"></a>See also</h2>

    <div class='dont-index'><p>Other pairwise tree distances: 
<code><a href='AllDists.html'>AllDists</a>()</code>,
<code><a href='PairwiseDistances.html'>PairwiseDistances</a>()</code></p></div>

    <h2 class="hasAnchor" id="examples"><a class="anchor" href="#examples"></a>Examples</h2>
    <pre class="examples"><div class='input'>  <span class='no'>trees</span> <span class='kw'>&lt;-</span> <span class='fu'><a href='https://rdrr.io/r/base/lapply.html'>lapply</a></span>(<span class='fu'><a href='https://rdrr.io/r/base/rep.html'>rep</a></span>(<span class='fl'>8</span>, <span class='fl'>5</span>), <span class='kw pkg'>ape</span><span class='kw ns'>::</span><span class='no'><a href='https://rdrr.io/pkg/ape/man/rtree.html'>rtree</a></span>, <span class='kw'>br</span> <span class='kw'>=</span> <span class='kw'>NULL</span>)
  <span class='fu'>CompareAllTrees</span>(<span class='no'>trees</span>)</div><div class='output co'>#&gt; $rf
#&gt;      [,1] [,2] [,3] [,4] [,5]
#&gt; [1,]    0   10   10   10   10
#&gt; [2,]   10    0    6   10    8
#&gt; [3,]   10    6    0   10   10
#&gt; [4,]   10   10   10    0    8
#&gt; [5,]   10    8   10    8    0
#&gt; 
#&gt; $rfi
#&gt;              [,1]         [,2]         [,3]         [,4]         [,5]
#&gt; [1,] 9.237056e-14 4.093417e+01 3.983463e+01 4.141959e+01 4.141959e+01
#&gt; [2,] 4.093417e+01 9.237056e-14 2.599690e+01 4.141959e+01 3.450073e+01
#&gt; [3,] 3.983463e+01 2.599690e+01 9.237056e-14 4.032006e+01 4.032006e+01
#&gt; [4,] 4.141959e+01 4.141959e+01 4.032006e+01 8.526513e-14 3.498616e+01
#&gt; [5,] 4.141959e+01 3.450073e+01 4.032006e+01 3.498616e+01 8.526513e-14
#&gt; 
#&gt; $ja2
#&gt;           [,1]      [,2]      [,3]      [,4]      [,5]
#&gt; [1,] 0.0000000 0.7777778 0.8415556 0.8515556 0.8166667
#&gt; [2,] 0.7777778 0.0000000 0.5360000 0.8957778 0.7111111
#&gt; [3,] 0.8415556 0.5360000 0.0000000 0.8235556 0.7666667
#&gt; [4,] 0.8515556 0.8957778 0.8235556 0.0000000 0.6152778
#&gt; [5,] 0.8166667 0.7111111 0.7666667 0.6152778 0.0000000
#&gt; 
#&gt; $ja4
#&gt;           [,1]      [,2]      [,3]      [,4]      [,5]
#&gt; [1,] 0.0000000 0.9160494 0.9723217 0.9640217 0.9430556
#&gt; [2,] 0.9160494 0.0000000 0.5897600 0.9799109 0.7604938
#&gt; [3,] 0.9723217 0.5897600 0.0000000 0.9649417 0.9305556
#&gt; [4,] 0.9640217 0.9799109 0.9649417 0.0000000 0.7217496
#&gt; [5,] 0.9430556 0.7604938 0.9305556 0.7217496 0.0000000
#&gt; 
#&gt; $jna2
#&gt;           [,1]      [,2]      [,3]      [,4]      [,5]
#&gt; [1,] 0.0000000 0.7277778 0.8415556 0.8293333 0.7944444
#&gt; [2,] 0.7277778 0.0000000 0.5137778 0.8513333 0.6443889
#&gt; [3,] 0.8415556 0.5137778 0.0000000 0.8235556 0.7666667
#&gt; [4,] 0.8293333 0.8513333 0.8235556 0.0000000 0.6027778
#&gt; [5,] 0.7944444 0.6443889 0.7666667 0.6027778 0.0000000
#&gt; 
#&gt; $jna4
#&gt;           [,1]      [,2]      [,3]      [,4]      [,5]
#&gt; [1,] 0.0000000 0.9035494 0.9723217 0.9615526 0.9405864
#&gt; [2,] 0.9035494 0.0000000 0.5872909 0.9749726 0.7521234
#&gt; [3,] 0.9723217 0.5872909 0.0000000 0.9615526 0.9271664
#&gt; [4,] 0.9615526 0.9749726 0.9615526 0.0000000 0.7209684
#&gt; [5,] 0.9405864 0.7521234 0.9271664 0.7209684 0.0000000
#&gt; 
#&gt; $dpi
#&gt;           [,1]      [,2]      [,3]      [,4]      [,5]
#&gt; [1,] 0.0000000 0.7885409 0.8483395 0.8681221 0.8266045
#&gt; [2,] 0.7885409 0.0000000 0.5871423 0.8996085 0.7424455
#&gt; [3,] 0.8483395 0.5871423 0.0000000 0.8260867 0.7654522
#&gt; [4,] 0.8681221 0.8996085 0.8260867 0.0000000 0.6368498
#&gt; [5,] 0.8266045 0.7424455 0.7654522 0.6368498 0.0000000
#&gt; 
#&gt; $msid
#&gt;           [,1]      [,2]      [,3]      [,4]      [,5]
#&gt; [1,] 0.0000000 0.3981981 0.4667386 0.4871444 0.4817831
#&gt; [2,] 0.3981981 0.0000000 0.3726260 0.5817546 0.5087505
#&gt; [3,] 0.4667386 0.3726260 0.0000000 0.4490800 0.4070167
#&gt; [4,] 0.4871444 0.5817546 0.4490800 0.0000000 0.3631502
#&gt; [5,] 0.4817831 0.5087505 0.4070167 0.3631502 0.0000000
#&gt; 
#&gt; $cid
#&gt;           [,1]      [,2]      [,3]      [,4]      [,5]
#&gt; [1,] 0.0000000 0.6919395 0.7752027 0.8174003 0.7648516
#&gt; [2,] 0.6919395 0.0000000 0.5269054 0.8361560 0.6755312
#&gt; [3,] 0.7752027 0.5269054 0.0000000 0.7516378 0.6908312
#&gt; [4,] 0.8174003 0.8361560 0.7516378 0.0000000 0.5876233
#&gt; [5,] 0.7648516 0.6755312 0.6908312 0.5876233 0.0000000
#&gt; 
#&gt; $qd
#&gt;           [,1]      [,2]      [,3]      [,4]      [,5]
#&gt; [1,] 0.0000000 0.6000000 0.7571429 0.7714286 0.7285714
#&gt; [2,] 0.6000000 0.0000000 0.5285714 0.8000000 0.6285714
#&gt; [3,] 0.7571429 0.5285714 0.0000000 0.7142857 0.6428571
#&gt; [4,] 0.7714286 0.8000000 0.7142857 0.0000000 0.5142857
#&gt; [5,] 0.7285714 0.6285714 0.6428571 0.5142857 0.0000000
#&gt; 
#&gt; $nts
#&gt;           [,1]      [,2]      [,3]      [,4]      [,5]
#&gt; [1,] 0.0000000 0.5000000 0.6066667 0.6000000 0.5666667
#&gt; [2,] 0.5000000 0.0000000 0.3733333 0.6200000 0.4700000
#&gt; [3,] 0.6066667 0.3733333 0.0000000 0.5866667 0.5333333
#&gt; [4,] 0.6000000 0.6200000 0.5866667 0.0000000 0.4200000
#&gt; [5,] 0.5666667 0.4700000 0.5333333 0.4200000 0.0000000
#&gt; 
#&gt; $msd
#&gt;      [,1] [,2] [,3] [,4] [,5]
#&gt; [1,]    0    8   12   11   11
#&gt; [2,]    8    0    8   13    9
#&gt; [3,]   12    8    0   11    9
#&gt; [4,]   11   13   11    0    8
#&gt; [5,]   11    9    9    8    0
#&gt; 
#&gt; $mast
#&gt;   1 2 3 4 5
#&gt; 1 8 6 5 4 5
#&gt; 2 6 8 5 5 5
#&gt; 3 5 5 8 5 5
#&gt; 4 4 5 5 8 5
#&gt; 5 5 5 5 5 8
#&gt; 
#&gt; $masti
#&gt;           1         2         3         4         5
#&gt; 1 13.343602  6.714246  3.906891  1.584963  3.906891
#&gt; 2  6.714246 13.343602  3.906891  3.906891  3.906891
#&gt; 3  3.906891  3.906891 13.343602  3.906891  3.906891
#&gt; 4  1.584963  3.906891  3.906891 13.343602  3.906891
#&gt; 5  3.906891  3.906891  3.906891  3.906891 13.343602
#&gt; 
#&gt; $nni_l
#&gt;   1 2 3 4 5
#&gt; 1   5 5 5 5
#&gt; 2 5   3 5 4
#&gt; 3 5 3   5 5
#&gt; 4 5 5 5   4
#&gt; 5 5 4 5 4  
#&gt; 
#&gt; $nni_t
#&gt;    1  2  3  4  5
#&gt; 1    10 10 10 10
#&gt; 2 10     5 10  7
#&gt; 3 10  5    10 10
#&gt; 4 10 10 10     7
#&gt; 5 10  7 10  7   
#&gt; 
#&gt; $nni_u
#&gt;    1  2  3  4  5
#&gt; 1    21 21 21 21
#&gt; 2 21    13 21 18
#&gt; 3 21 13    21 21
#&gt; 4 21 21 21    18
#&gt; 5 21 18 21 18   
#&gt; 
#&gt; $spr
#&gt;   1 2 3 4 5
#&gt; 1 0 2 3 2 3
#&gt; 2 2 0 2 2 2
#&gt; 3 3 2 0 3 3
#&gt; 4 2 2 3 0 2
#&gt; 5 3 2 3 2 0
#&gt; 
#&gt; $tbr_l
#&gt;   1 2 3 4 5
#&gt; 1 0 2 2 2 2
#&gt; 2 2 0 1 2 2
#&gt; 3 2 1 0 2 2
#&gt; 4 2 2 2 0 2
#&gt; 5 2 2 2 2 0
#&gt; 
#&gt; $tbr_u
#&gt;   1 2 3 4 5
#&gt; 1 0 6 6 6 6
#&gt; 2 6 0 3 5 6
#&gt; 3 6 3 0 6 6
#&gt; 4 6 5 6 0 6
#&gt; 5 6 6 6 6 0
#&gt; 
#&gt; $path
#&gt;          1         2        3         4        5
#&gt; 1 0.000000  8.944272 8.944272  9.949874 9.949874
#&gt; 2 8.944272  0.000000 6.928203 10.344080 8.888194
#&gt; 3 8.944272  6.928203 0.000000  9.110434 8.660254
#&gt; 4 9.949874 10.344080 9.110434  0.000000 8.485281
#&gt; 5 9.949874  8.888194 8.660254  8.485281 0.000000
#&gt; </div><div class='input'>
</div></pre>
  </div>
  <div class="col-md-3 hidden-xs hidden-sm" id="sidebar">
    <h2>Contents</h2>
    <ul class="nav nav-pills nav-stacked">
      <li><a href="#arguments">Arguments</a></li>
      <li><a href="#see-also">See also</a></li>
      <li><a href="#examples">Examples</a></li>
    </ul>

    <h2>Author</h2>
    <p><a href='https://orcid.org/0000-0001-5660-1727'>Martin R. Smith</a>
(<a href='mailto:martin.smith@durham.ac.uk'>martin.smith@durham.ac.uk</a>)</p>
  </div>
</div>


      <footer>
      <div class="copyright">
  <p>Developed by <a href='https://community.dur.ac.uk/martin.smith/'>Martin R. Smith</a>.</p>
</div>

<div class="pkgdown">
  <p>Site built with <a href="https://pkgdown.r-lib.org/">pkgdown</a> 1.4.1.</p>
</div>

      </footer>
   </div>

  


  </body>
</html>


